0 0.95 0.97109375 0.09921875 0.0578125
0 0.56796875 0.94609375 0.30078125 0.09140625
0 0.66953125 0.809375 0.259375 0.0859375
0 0.05859375 0.96171875 0.1171875 0.0734375
0 0.0359375 0.83984375 0.071875 0.0609375
0 0.0703125 0.66953125 0.140625 0.05234375
0 0.2046875 0.6078125 0.1578125 0.05546875
0 0.5 0.69765625 0.2265625 0.05
0 0.50703125 0.6515625 0.19921875 0.06875
0 0.153125 0.5109375 0.1328125 0.05
0 0.225 0.49296875 0.1328125 0.04453125
0 0.44609375 0.546875 0.121875 0.046875
0 0.65078125 0.5921875 0.13515625 0.0390625
0 0.94921875 0.72890625 0.1015625 0.0609375
0 0.9625 0.628125 0.07421875 0.03046875
0 0.94375 0.58515625 0.1125 0.0390625
0 0.65078125 0.5390625 0.140625 0.0390625
0 0.78046875 0.509375 0.1078125 0.0328125
0 0.9640625 0.50390625 0.071875 0.0359375
0 0.43125 0.44609375 0.11875 0.0390625
0 0.32578125 0.47890625 0.121875 0.0390625
0 0.5578125 0.5109375 0.11328125 0.04140625
0 0.61328125 0.47890625 0.121875 0.04140625
0 0.69765625 0.47265625 0.10234375 0.02734375
0 0.746875 0.45546875 0.11640625 0.02734375
0 0.71015625 0.43359375 0.11015625 0.04140625
0 0.76484375 0.4171875 0.09375 0.02734375
0 0.8484375 0.3953125 0.0828125 0.02734375
0 0.715625 0.3703125 0.0828125 0.025
0 0.859375 0.3671875 0.06875 0.02734375
0 0.77890625 0.35234375 0.06875 0.01953125
0 0.49296875 0.4078125 0.09140625 0.0328125
0 0.4296875 0.3578125 0.07421875 0.02734375
0 0.18515625 0.44765625 0.05234375 0.01953125
0 0.284375 0.39375 0.0359375 0.0140625
0 0.99453125 0.33984375 0.0109375 0.021875
0 0.93125 0.3546875 0.06328125 0.021875
0 0.32734375 0.390625 0.03046875 0.01953125