0 0.06484375 0.93046875 0.1296875 0.07421875
0 0.41953125 0.8953125 0.26171875 0.0796875
0 0.33046875 0.7765625 0.22578125 0.07421875
0 0.9046875 0.91796875 0.1828125 0.08203125
0 0.92421875 0.803125 0.14453125 0.053125
0 0.865625 0.65625 0.146875 0.0453125
0 0.95078125 0.5515625 0.09375 0.0484375
0 0.7359375 0.60078125 0.13671875 0.0484375
0 0.478125 0.67890625 0.196875 0.04296875
0 0.47265625 0.6390625 0.1734375 0.06015625
0 0.7796875 0.5171875 0.115625 0.04296875
0 0.7171875 0.5015625 0.115625 0.03828125
0 0.525 0.5484375 0.10546875 0.040625
0 0.34765625 0.5875 0.11796875 0.03359375
0 0.06875 0.70703125 0.12734375 0.053125
0 0.05546875 0.6203125 0.1078125 0.0265625
0 0.0875 0.58203125 0.1078125 0.03359375
0 0.34765625 0.540625 0.12265625 0.03359375
0 0.234375 0.515625 0.09375 0.02890625
0 0.05390625 0.51171875 0.10546875 0.03125
0 0.53828125 0.46015625 0.103125 0.03359375
0 0.6296875 0.4890625 0.10546875 0.03359375
0 0.428125 0.5171875 0.0984375 0.0359375
0 0.3796875 0.4890625 0.10546875 0.0359375
0 0.30625 0.4828125 0.0890625 0.02421875
0 0.26328125 0.46875 0.10078125 0.02421875
0 0.2953125 0.44921875 0.09609375 0.0359375
0 0.24765625 0.43515625 0.08203125 0.02421875
0 0.17578125 0.415625 0.071875 0.02421875
0 0.290625 0.39453125 0.071875 0.021875
0 0.165625 0.3921875 0.06015625 0.02421875
0 0.2359375 0.37890625 0.06015625 0.0171875
0 0.484375 0.4265625 0.0796875 0.02890625
0 0.53984375 0.38359375 0.06484375 0.02421875
0 0.75234375 0.46171875 0.0453125 0.0171875
0 0.665625 0.41484375 0.03125 0.01171875
0 0.0328125 0.36796875 0.04296875 0.01953125
0 0.103125 0.38125 0.05546875 0.01953125
0 0.62890625 0.4125 0.0265625 0.0171875