0 0.98125 0.44765625 0.0375 0.07578125
0 0.03359375 0.00859375 0.040625 0.01640625
0 0.0875 0.27109375 0.14375 0.08125
0 0.35546875 0.18984375 0.0390625 0.03046875
0 0.440625 0.22265625 0.0609375 0.06796875
0 0.67265625 0.46953125 0.115625 0.38046875
0 0.49453125 0.55390625 0.10859375 0.31328125
0 0.10234375 0.121875 0.03203125 0.0390625
0 0.25546875 0.14609375 0.02890625 0.03671875
0 0.02265625 0.20625 0.04453125 0.07265625
0 0.72265625 0.2421875 0.02890625 0.04609375
0 0.7734375 0.13515625 0.0234375 0.04609375
0 0.82734375 0.16171875 0.025 0.03671875
0 0.7890625 0.09296875 0.02578125 0.03671875
0 0.646875 0.13125 0.0234375 0.03828125
0 0.61328125 0.16640625 0.0140625 0.03046875
0 0.51796875 0.14375 0.02265625 0.02890625
0 0.4546875 0.12265625 0.021875 0.03359375
0 0.37109375 0.115625 0.02734375 0.0265625
0 0.24921875 0.0234375 0.0203125 0.0328125
0 0.125 0.009375 0.04375 0.01875
0 0.2171875 0.0109375 0.02890625 0.02109375
0 0.12265625 0.03203125 0.02265625 0.03125
0 0.3609375 0.0796875 0.01875 0.0328125
0 0.434375 0.08359375 0.01953125 0.02109375
0 0.5359375 0.0796875 0.01328125 0.02890625
0 0.56640625 0.05625 0.009375 0.02734375
0 0.60234375 0.07265625 0.01328125 0.02578125
0 0.69765625 0.07109375 0.0171875 0.03125
0 0.3046875 0.06796875 0.01796875 0.028125
0 0.2359375 0.06796875 0.0203125 0.02109375
0 0.3734375 0.02109375 0.00625 0.03515625
0 0.403125 0.01015625 0.015625 0.0171875
0 0.51875 0.0609375 0.01875 0.0265625