0 0.9765625 0.459375 0.046875 0.071875
0 0.06796875 0.034375 0.03828125 0.02890625
0 0.11875 0.290625 0.1375 0.07734375
0 0.37421875 0.21328125 0.0375 0.02890625
0 0.45546875 0.2453125 0.0578125 0.06484375
0 0.6765625 0.48046875 0.11015625 0.3625
0 0.02265625 0.3421875 0.04140625 0.04765625
0 0.50625 0.5609375 0.10390625 0.29921875
0 0.1328125 0.1484375 0.03125 0.03671875
0 0.27890625 0.171875 0.02734375 0.03515625
0 0.0390625 0.2296875 0.078125 0.06953125
0 0.72421875 0.26328125 0.02734375 0.04453125
0 0.77265625 0.1609375 0.021875 0.04375
0 0.82421875 0.18671875 0.0234375 0.03515625
0 0.7875 0.12109375 0.025 0.034375
0 0.6515625 0.1578125 0.021875 0.03671875
0 0.61953125 0.190625 0.01328125 0.02890625
0 0.52890625 0.16953125 0.021875 0.02734375
0 0.46875 0.14921875 0.0203125 0.03203125
0 0.3890625 0.1421875 0.02578125 0.025
0 0.27265625 0.0546875 0.01953125 0.03125
0 0.15546875 0.0359375 0.04140625 0.03046875
0 0.24296875 0.0359375 0.02734375 0.034375
0 0.15234375 0.06328125 0.02109375 0.0296875
0 0.3796875 0.10859375 0.01796875 0.03125
0 0.44921875 0.1125 0.01875 0.0203125
0 0.54609375 0.10859375 0.0125 0.02734375
0 0.575 0.0859375 0.00859375 0.0265625
0 0.609375 0.1015625 0.0125 0.02421875
0 0.7 0.1 0.01640625 0.0296875
0 0.32578125 0.096875 0.0171875 0.02734375
0 0.26015625 0.09765625 0.01953125 0.0203125
0 0.390625 0.05234375 0.00625 0.03359375
0 0.41953125 0.0421875 0.01484375 0.01640625
0 0.5296875 0.090625 0.01796875 0.025