0 0.234375 0.50546875 0.07890625 0.06875
0 0.95390625 0.3484375 0.06640625 0.07265625
0 0.36875 0.65 0.1515625 0.3125
0 0.9390625 0.21015625 0.06328125 0.08984375
0 0.746875 0.31640625 0.05234375 0.05546875
0 0.46015625 0.50234375 0.04765625 0.040625
0 0.0546875 0.07734375 0.053125 0.03515625
0 0.540625 0.3625 0.034375 0.04296875
0 0.70078125 0.4078125 0.03125 0.05859375
0 0.30390625 0.29375 0.03515625 0.0359375
0 0.440625 0.3046875 0.0234375 0.03828125
0 0.10234375 0.36484375 0.053125 0.0625
0 0.30859375 0.20546875 0.028125 0.0328125
0 0.2953125 0.17421875 0.0265625 0.025
0 0.41484375 0.2046875 0.0203125 0.03125
0 0.65546875 0.18515625 0.01953125 0.040625
0 0.0296875 0.1171875 0.0375 0.034375
0 0.1921875 0.0984375 0.04765625 0.04453125
0 0.53203125 0.171875 0.0109375 0.04296875
0 0.42578125 0.1125 0.01953125 0.03203125
0 0.246875 0.1703125 0.02734375 0.03203125
0 0.15 0.18671875 0.040625 0.046875
0 0.434375 0.178125 0.025 0.03046875
0 0.3421875 0.09296875 0.02578125 0.0265625
0 0.78125 0.18046875 0.0171875 0.0265625
0 0.72734375 0.2359375 0.03359375 0.0375