0 0.76875 0.43984375 0.09375 0.08203125
0 0.61015625 0.6109375 0.18046875 0.3703125
0 0.16015625 0.21484375 0.0625 0.065625
0 0.50078125 0.4359375 0.05703125 0.0484375
0 0.40546875 0.2703125 0.040625 0.0515625
0 0.21484375 0.3234375 0.0375 0.06953125
0 0.68671875 0.1875 0.0421875 0.0421875
0 0.52421875 0.2015625 0.028125 0.0453125
0 0.9265625 0.27265625 0.0625 0.07421875
0 0.68046875 0.08359375 0.03359375 0.03828125
0 0.696875 0.04609375 0.03125 0.0296875
0 0.5546875 0.0828125 0.02421875 0.03671875
0 0.26953125 0.059375 0.02265625 0.04765625
0 0.415625 0.04375 0.01328125 0.0515625
0 0.7546875 0.04140625 0.0328125 0.03828125
0 0.86953125 0.0609375 0.04765625 0.05546875
0 0.53125 0.0515625 0.0296875 0.0359375
0 0.11953125 0.05390625 0.02109375 0.03125
0 0.18359375 0.11953125 0.03984375 0.04453125