0 0.359375 0.47734375 0.0484375 0.07890625
0 0.1703125 0.46484375 0.06640625 0.0625
0 0.05703125 0.85 0.1078125 0.17265625
0 0.7921875 0.390625 0.040625 0.06875
0 0.0921875 0.35 0.053125 0.03984375
0 0.64375 0.47734375 0.03125 0.065625
0 0.1203125 0.26328125 0.053125 0.0390625
0 0.17734375 0.35546875 0.05078125 0.05
0 0.0765625 0.16171875 0.075 0.0828125
0 0.3765625 0.93984375 0.07578125 0.1203125
0 0.40546875 0.384375 0.0375 0.06015625
0 0.5734375 0.3640625 0.02578125 0.059375
0 0.690625 0.33203125 0.01953125 0.03359375
0 0.63125 0.26171875 0.01640625 0.03359375
0 0.54765625 0.29375 0.0234375 0.04609375
0 0.3671875 0.1328125 0.028125 0.03515625
0 0.40625 0.20625 0.0296875 0.05703125
0 0.81796875 0.21484375 0.03359375 0.040625
0 0.75859375 0.2828125 0.0203125 0.05
0 0.2640625 0.0671875 0.03125 0.04140625
0 0.01640625 0.225 0.0328125 0.034375
0 0.03359375 0.0734375 0.05859375 0.04296875