0 0.390625 0.47109375 0.05390625 0.0875
0 0.1828125 0.4578125 0.0734375 0.06875
0 0.05859375 0.88046875 0.1171875 0.1890625
0 0.865625 0.37578125 0.04453125 0.07578125
0 0.096875 0.33125 0.05859375 0.04375
0 0.703125 0.4703125 0.034375 0.071875
0 0.12734375 0.23515625 0.05859375 0.04296875
0 0.18984375 0.33671875 0.05546875 0.0546875
0 0.0796875 0.12421875 0.0828125 0.090625
0 0.40859375 0.95625 0.0828125 0.0875
0 0.440625 0.36875 0.04140625 0.06640625
0 0.62578125 0.34609375 0.02890625 0.06484375
0 0.75390625 0.3109375 0.021875 0.0375
0 0.6890625 0.23359375 0.01875 0.03671875
0 0.59765625 0.26875 0.02578125 0.05
0 0.3984375 0.0921875 0.03125 0.0390625
0 0.44140625 0.1734375 0.0328125 0.0625
0 0.89375 0.1828125 0.03671875 0.04453125
0 0.82890625 0.25703125 0.021875 0.0546875
0 0.284375 0.02109375 0.034375 0.0421875
0 0.01640625 0.19375 0.03203125 0.0390625
0 0.03203125 0.0265625 0.0640625 0.046875