0 0.79921875 0.24765625 0.0296875 0.03515625
0 0.5203125 0.2125 0.06171875 0.2171875
0 0.4875 0.15703125 0.03359375 0.0296875
0 0.14765625 0.02578125 0.03203125 0.02109375
0 0.6171875 0.2078125 0.0578125 0.1796875
0 0.4265625 0.1359375 0.028125 0.01796875
0 0.2671875 0.16875 0.0890625 0.05859375
0 0.203125 0.12734375 0.05 0.06171875
0 0.02265625 0.6828125 0.0453125 0.1
0 0.34765625 0.11328125 0.01328125 0.03984375
0 0.72109375 0.10703125 0.02109375 0.04296875
0 0.7421875 0.08203125 0.02109375 0.03046875
0 0.228125 0.02890625 0.040625 0.02734375
0 0.30078125 0.028125 0.0234375 0.02578125
0 0.63125 0.1015625 0.01484375 0.02421875
0 0.4296875 0.09453125 0.0171875 0.02890625