0 0.20234375 0.25546875 0.03203125 0.03828125
0 0.50390625 0.2171875 0.0671875 0.234375
0 0.53984375 0.1578125 0.0359375 0.03203125
0 0.90625 0.015625 0.034375 0.02265625
0 0.4 0.2125 0.0625 0.19453125
0 0.6046875 0.13515625 0.0296875 0.01875
0 0.77734375 0.1703125 0.09609375 0.06328125
0 0.84609375 0.12578125 0.05390625 0.06640625
0 0.68984375 0.11015625 0.0140625 0.04296875
0 0.2875 0.10390625 0.02265625 0.04609375
0 0.26484375 0.0765625 0.02265625 0.0328125
0 0.81953125 0.01953125 0.04375 0.0296875
0 0.74140625 0.01875 0.025 0.028125
0 0.384375 0.09765625 0.01640625 0.0265625
0 0.6015625 0.08984375 0.01875 0.03125