0 0.503125 0.45625 0.46171875 0.57109375
0 0.17578125 0.1234375 0.1328125 0.18828125
0 0.5671875 0.04140625 0.1046875 0.071875
0 0.88046875 0.9359375 0.11953125 0.1046875
0 0.86484375 0.55625 0.12578125 0.1765625
0 0.7890625 0.29921875 0.0578125 0.08125
0 0.93203125 0.134375 0.07109375 0.06015625
0 0.78359375 0.1078125 0.0265625 0.040625
0 0.64453125 0.14921875 0.10078125 0.06953125
0 0.48046875 0.0125 0.034375 0.025
0 0.43984375 0.04921875 0.03359375 0.05078125
0 0.40859375 0.10390625 0.05390625 0.040625
0 0.31796875 0.06171875 0.05703125 0.0703125