0 0.50859375 0.50078125 0.4703125 0.465625
0 0.17578125 0.12421875 0.13515625 0.17109375
0 0.56328125 0.0390625 0.11953125 0.078125
0 0.88203125 0.928125 0.15546875 0.13203125
0 0.86953125 0.55546875 0.13359375 0.17890625
0 0.77890625 0.29140625 0.0625 0.096875
0 0.93125 0.134375 0.07109375 0.06015625
0 0.78359375 0.109375 0.02421875 0.040625
0 0.64609375 0.15546875 0.10546875 0.06953125
0 0.4765625 0.0125 0.03203125 0.0203125
0 0.4375 0.04921875 0.0296875 0.053125
0 0.40859375 0.10234375 0.04921875 0.040625
0 0.31875 0.06015625 0.05390625 0.078125