0 0.46015625 0.48828125 0.50703125 0.5546875
0 0.8234375 0.11484375 0.15390625 0.2296875
0 0.40703125 0.03984375 0.14609375 0.0796875
0 0.06640625 0.98046875 0.1328125 0.0390625
0 0.08046875 0.59453125 0.128125 0.175
0 0.17578125 0.309375 0.06484375 0.10078125
0 0.025 0.140625 0.05 0.07265625
0 0.16953125 0.1140625 0.03671875 0.03046875
0 0.3171875 0.16171875 0.11484375 0.06875
0 0.503125 0.01015625 0.03125 0.0203125
0 0.54375 0.04375 0.0390625 0.05234375
0 0.571875 0.109375 0.06328125 0.03671875
0 0.66640625 0.05234375 0.06953125 0.09375