0 0.471875 0.4734375 0.5015625 0.5578125
0 0.115625 0.1265625 0.1421875 0.2203125
0 0.54375 0.034375 0.12890625 0.06875
0 0.86796875 0.9671875 0.14453125 0.06484375
0 0.86171875 0.5890625 0.1453125 0.171875
0 0.77265625 0.31171875 0.059375 0.084375
0 0.93046875 0.13125 0.078125 0.0671875
0 0.771875 0.1 0.02734375 0.03828125
0 0.62109375 0.1515625 0.10703125 0.08203125
0 0.44296875 0.00546875 0.0375 0.0109375
0 0.39921875 0.03515625 0.0421875 0.04765625
0 0.36875 0.10078125 0.05546875 0.03671875
0 0.27109375 0.05234375 0.06015625 0.07890625