0 0.5109375 0.48203125 0.4671875 0.45625
0 0.178125 0.12421875 0.13671875 0.17890625
0 0.56953125 0.040625 0.11328125 0.08125
0 0.88515625 0.9359375 0.11640625 0.10078125
0 0.86953125 0.5515625 0.13359375 0.16328125
0 0.7859375 0.2890625 0.06640625 0.10078125
0 0.93046875 0.13203125 0.07265625 0.05859375
0 0.78359375 0.10625 0.02421875 0.03359375
0 0.6453125 0.1515625 0.1046875 0.06171875
0 0.47890625 0.01171875 0.03515625 0.02109375
0 0.4359375 0.04921875 0.034375 0.053125
0 0.40859375 0.10546875 0.04921875 0.034375
0 0.31875 0.06171875 0.05390625 0.075