0 0.49609375 0.509375 0.4703125 0.390625
0 0.18203125 0.1140625 0.1484375 0.2015625
0 0.56328125 0.04375 0.09296875 0.08359375
0 0.8765625 0.94140625 0.10546875 0.10078125
0 0.87109375 0.55703125 0.14375 0.17109375
0 0.7890625 0.30078125 0.06796875 0.096875
0 0.93125 0.1359375 0.0703125 0.06171875
0 0.7828125 0.10859375 0.0265625 0.0390625
0 0.64296875 0.153125 0.10390625 0.06171875
0 0.48046875 0.0140625 0.03359375 0.02109375
0 0.43828125 0.04765625 0.03125 0.046875
0 0.40859375 0.103125 0.05234375 0.0390625
0 0.3171875 0.05390625 0.0640625 0.08203125