0 0.48984375 0.4765625 0.465625 0.52421875
0 0.83125 0.10546875 0.1359375 0.20625
0 0.4328125 0.03671875 0.13125 0.07265625
0 0.10546875 0.93515625 0.1359375 0.10546875
0 0.12890625 0.55 0.13515625 0.16484375
0 0.20859375 0.28671875 0.0609375 0.07890625
0 0.06171875 0.1265625 0.075 0.05703125
0 0.2109375 0.10078125 0.02265625 0.04296875
0 0.3515625 0.14453125 0.11171875 0.0765625
0 0.521875 0.00625 0.03125 0.0125
0 0.5609375 0.0390625 0.0328125 0.05078125
0 0.59140625 0.09296875 0.05 0.03828125
0 0.6796875 0.053125 0.059375 0.08203125