0 0.5140625 0.46171875 0.47265625 0.51640625
0 0.17578125 0.11171875 0.14375 0.21953125
0 0.5640625 0.04375 0.1359375 0.07578125
0 0.8859375 0.94375 0.13046875 0.08125
0 0.86796875 0.5609375 0.11953125 0.16328125
0 0.77890625 0.2953125 0.06015625 0.09375
0 0.9296875 0.1390625 0.06640625 0.06796875
0 0.78515625 0.11328125 0.034375 0.02890625
0 0.64765625 0.15859375 0.10703125 0.0640625
0 0.475 0.01484375 0.02890625 0.025
0 0.4359375 0.0484375 0.03671875 0.04921875
0 0.41015625 0.109375 0.05859375 0.034375
0 0.321875 0.05625 0.06484375 0.08671875