0 0.50859375 0.48046875 0.46015625 0.51875
0 0.17109375 0.11328125 0.13515625 0.20390625
0 0.565625 0.040625 0.13046875 0.08125
0 0.8890625 0.93359375 0.13515625 0.1046875
0 0.86640625 0.553125 0.13359375 0.16328125
0 0.78671875 0.29296875 0.06015625 0.078125
0 0.9328125 0.134375 0.07421875 0.05625
0 0.78515625 0.10859375 0.02265625 0.04296875
0 0.64609375 0.15234375 0.11015625 0.07578125
0 0.47734375 0.01328125 0.03125 0.01953125
0 0.4390625 0.04765625 0.03203125 0.05
0 0.40859375 0.1015625 0.04921875 0.03828125
0 0.32109375 0.06171875 0.05859375 0.08125