0 0.50546875 0.45078125 0.46484375 0.51640625
0 0.175 0.12890625 0.13203125 0.20390625
0 0.57265625 0.0390625 0.11953125 0.07421875
0 0.87265625 0.93203125 0.13359375 0.10859375
0 0.86640625 0.55703125 0.13515625 0.159375
0 0.784375 0.30078125 0.0546875 0.078125
0 0.93046875 0.13359375 0.07265625 0.06171875
0 0.7828125 0.1046875 0.02578125 0.03515625
0 0.64375 0.15234375 0.09921875 0.07578125
0 0.47890625 0.01328125 0.03515625 0.01953125
0 0.43828125 0.04453125 0.0390625 0.04453125
0 0.41015625 0.10546875 0.0515625 0.034375
0 0.31953125 0.06015625 0.05546875 0.0734375