0 0.5328125 0.68671875 0.05703125 0.0484375
0 0.48125 0.65390625 0.06796875 0.046875
0 0.8 0.68046875 0.0421875 0.06640625
0 0.921875 0.53828125 0.04453125 0.05859375
0 0.83046875 0.36328125 0.04921875 0.11875
0 0.81015625 0.20234375 0.04140625 0.04453125
0 0.7140625 0.20078125 0.059375 0.05078125
0 0.5953125 0.20234375 0.05859375 0.03125
0 0.57734375 0.125 0.0890625 0.06640625
0 0.53828125 0.01015625 0.053125 0.0203125
0 0.31875 0.17265625 0.06328125 0.07265625
0 0.34296875 0.26796875 0.046875 0.0625
0 0.42890625 0.803125 0.06328125 0.0390625
0 0.2296875 0.71640625 0.0921875 0.053125
0 0.215625 0.68046875 0.0953125 0.07265625
0 0.1859375 0.559375 0.0546875 0.0546875
0 0.23359375 0.4703125 0.0265625 0.04296875
0 0.15703125 0.3765625 0.0609375 0.0796875
0 0.1703125 0.11875 0.034375 0.04609375
0 0.671875 0.58828125 0.04609375 0.08359375
0 0.6765625 0.628125 0.046875 0.071875
0 0.45703125 0.85 0.16640625 0.13515625
0 0.196875 0.80859375 0.14921875 0.1203125
0 0.8984375 0.2078125 0.13984375 0.1328125
0 0.83671875 0.06796875 0.1140625 0.1359375
0 0.74765625 0.01484375 0.1140625 0.0296875
0 0.80390625 0.79609375 0.140625 0.13125
0 0.97890625 0.3734375 0.04140625 0.21484375
0 0.46484375 0.4921875 0.07421875 0.07578125
0 0.653125 0.5140625 0.05546875 0.09609375