0 0.52109375 0.71875 0.0578125 0.028125
0 0.4734375 0.68515625 0.05 0.05703125
0 0.4296875 0.83515625 0.05546875 0.040625
0 0.4203125 0.81171875 0.05390625 0.04296875
0 0.6375 0.60390625 0.03828125 0.0859375
0 0.65234375 0.6375 0.040625 0.0765625
0 0.54375 0.32421875 0.03984375 0.075
0 0.5484375 0.265625 0.03359375 0.03359375
0 0.5203125 0.18984375 0.07734375 0.075
0 0.5046875 0.13984375 0.0640625 0.0625
0 0.48046875 0.08515625 0.05234375 0.0625
0 0.540625 0.08125 0.02734375 0.028125
0 0.665625 0.27109375 0.04296875 0.05625
0 0.65703125 0.24296875 0.05234375 0.05390625
0 0.73828125 0.2265625 0.03046875 0.034375
0 0.759375 0.671875 0.05234375 0.065625
0 0.23125 0.759375 0.0828125 0.0875
0 0.2640625 0.6375 0.01328125 0.0984375
0 0.1921875 0.646875 0.05078125 0.0515625
0 0.23203125 0.56015625 0.03359375 0.0484375
0 0.21796875 0.53984375 0.040625 0.0515625
0 0.15546875 0.4875 0.05234375 0.08359375
0 0.26875 0.41015625 0.05078125 0.08203125
0 0.31875 0.36328125 0.0390625 0.05859375
0 0.290625 0.2734375 0.059375 0.071875
0 0.3125 0.19921875 0.03515625 0.04296875
0 0.6140625 0.5421875 0.04765625 0.10234375
0 0.44296875 0.54453125 0.08359375 0.10234375
0 0.021875 0.76640625 0.04375 0.09609375
0 0.14921875 0.2359375 0.03359375 0.0703125
0 0.0640625 0.10625 0.046875 0.06015625
0 0.4078125 0.06796875 0.053125 0.04765625
0 0.853125 0.515625 0.046875 0.0609375
0 0.58515625 0.44375 0.03359375 0.0609375
0 0.21953125 0.88046875 0.14296875 0.1421875
0 0.46640625 0.8890625 0.16875 0.15
0 0.76171875 0.790625 0.14453125 0.16640625
0 0.96953125 0.45703125 0.0609375 0.2671875
0 0.95234375 0.4046875 0.0953125 0.20546875
0 0.92578125 0.36328125 0.13046875 0.21640625
0 0.88046875 0.3046875 0.16640625 0.20859375
0 0.80703125 0.2328125 0.12109375 0.1359375
0 0.7515625 0.13125 0.11015625 0.1484375
0 0.66484375 0.05546875 0.09296875 0.1109375
0 0.61640625 0.0375 0.096875 0.075
0 0.60078125 0.46171875 0.0671875 0.1234375
0 0.3125 0.52265625 0.0765625 0.09296875
0 0.43984375 0.7609375 0.0859375 0.07890625