0 0.77578125 0.13671875 0.03671875 0.0234375
0 0.69921875 0.17109375 0.04921875 0.04609375
0 0.68359375 0.14765625 0.05234375 0.0484375
0 0.89609375 0.453125 0.03984375 0.059375
0 0.78671875 0.60625 0.034375 0.0703125
0 0.7296875 0.55 0.04140625 0.05234375
0 0.65546875 0.54140625 0.04140625 0.08671875
0 0.66796875 0.57109375 0.04375 0.09921875
0 0.68203125 0.59140625 0.04140625 0.046875
0 0.51796875 0.65625 0.0578125 0.03828125
0 0.47421875 0.6203125 0.0546875 0.05390625
0 0.471875 0.50625 0.10390625 0.1078125
0 0.44453125 0.46328125 0.07265625 0.09765625
0 0.5640625 0.2265625 0.04609375 0.075
0 0.56328125 0.165625 0.04765625 0.03671875
0 0.53984375 0.08203125 0.075 0.0609375
0 0.525 0.0296875 0.071875 0.059375
0 0.3171875 0.0796875 0.04921875 0.04609375
0 0.31875 0.253125 0.04140625 0.0609375
0 0.315625 0.27890625 0.03125 0.02734375
0 0.22421875 0.25234375 0.05078125 0.084375
0 0.24453125 0.27109375 0.05703125 0.07890625
0 0.259375 0.30546875 0.05390625 0.08984375
0 0.1375 0.37578125 0.0703125 0.08984375
0 0.1765625 0.275 0.02265625 0.05
0 0.159375 0.171875 0.04296875 0.07265625
0 0.290625 0.159375 0.05859375 0.065625
0 0.421875 0.76640625 0.05859375 0.06328125
0 0.22109375 0.71328125 0.08125 0.06171875
0 0.20390625 0.6703125 0.090625 0.08515625
0 0.17109375 0.5625 0.05 0.07890625
0 0.24765625 0.55390625 0.03828125 0.1
0 0.2296875 0.54921875 0.01875 0.09609375
0 0.2125 0.46796875 0.03046875 0.046875
0 0.203125 0.44609375 0.04609375 0.03828125
0 0.153125 0.484375 0.05625 0.040625
0 0.16953125 0.51875 0.075 0.05
0 0.084375 0.07734375 0.0421875 0.02890625
0 0.60390625 0.365625 0.03984375 0.07734375
0 0.6328125 0.46015625 0.05859375 0.07890625
0 0.4546875 0.82734375 0.1703125 0.1734375
0 0.19921875 0.80078125 0.15625 0.1265625
0 0.78828125 0.73671875 0.11171875 0.165625
0 0.62578125 0.3875 0.07890625 0.1484375
0 0.796875 0.05703125 0.1125 0.1140625
0 0.853125 0.15 0.1234375 0.13671875
0 0.9140625 0.2234375 0.14296875 0.2109375
0 0.953125 0.296875 0.09375 0.234375