0 0.28125 0.79375 0.1125 0.12109375
0 0.578125 0.85078125 0.16484375 0.13203125
0 0.8078125 0.79921875 0.1515625 0.0921875
0 0.21015625 0.2765625 0.11640625 0.1296875
0 0.25234375 0.1609375 0.08359375 0.13203125
0 0.3296875 0.06953125 0.09921875 0.1296875
0 0.37421875 0.06171875 0.09296875 0.12265625
0 0.4203125 0.475 0.07265625 0.13125
0 0.8515625 0.43046875 0.05 0.06875
0 0.76640625 0.328125 0.03515625 0.06484375
0 0.559375 0.6734375 0.05078125 0.040625
0 0.5203125 0.7046875 0.05078125 0.02734375
0 0.38828125 0.61015625 0.03984375 0.08203125
0 0.28359375 0.6921875 0.03984375 0.0546875
0 0.178125 0.56640625 0.04140625 0.0515625
0 0.06171875 0.13671875 0.04921875 0.03671875
0 0.4828125 0.20390625 0.07734375 0.06328125
0 0.46328125 0.27890625 0.0390625 0.03203125
0 0.34921875 0.29765625 0.05234375 0.040625
0 0.35859375 0.2765625 0.053125 0.04453125
0 0.82109375 0.59140625 0.0515625 0.053125
0 0.74765625 0.58828125 0.0171875 0.07578125
0 0.7796875 0.51484375 0.0234375 0.0390625
0 0.834375 0.20859375 0.03125 0.0359375
0 0.91015625 0.06953125 0.0265625 0.04296875
0 0.88515625 0.1625 0.040625 0.02890625
0 0.8 0.696875 0.08203125 0.0671875
0 0.1 0.4203125 0.13125 0.209375
0 0.41015625 0.5515625 0.04296875 0.08046875
0 0.58046875 0.534375 0.065625 0.0734375
0 0.55390625 0.57578125 0.09375 0.084375