0 0.28125 0.775 0.109375 0.11796875
0 0.5703125 0.83125 0.1609375 0.128125
0 0.79375 0.78125 0.14765625 0.08984375
0 0.2125 0.271875 0.1140625 0.1265625
0 0.253125 0.159375 0.08125 0.128125
0 0.32890625 0.0703125 0.096875 0.1265625
0 0.371875 0.06171875 0.090625 0.121875
0 0.4171875 0.465625 0.0703125 0.128125
0 0.83671875 0.421875 0.0484375 0.06640625
0 0.75390625 0.32265625 0.034375 0.06328125
0 0.55234375 0.65859375 0.05 0.03984375
0 0.5140625 0.6890625 0.05 0.0265625
0 0.3859375 0.596875 0.0390625 0.0796875
0 0.284375 0.6765625 0.0390625 0.053125
0 0.18125 0.55390625 0.040625 0.05
0 0.0671875 0.1359375 0.04765625 0.03515625
0 0.478125 0.2015625 0.075 0.06171875
0 0.45859375 0.27421875 0.0375 0.03125
0 0.34765625 0.29296875 0.0515625 0.03984375
0 0.35625 0.271875 0.0515625 0.04296875
0 0.80703125 0.57890625 0.05 0.0515625
0 0.7359375 0.57578125 0.01640625 0.0734375
0 0.7671875 0.50390625 0.02265625 0.03828125
0 0.8203125 0.20546875 0.0296875 0.034375
0 0.89375 0.07109375 0.0265625 0.04140625
0 0.86953125 0.1609375 0.03984375 0.028125
0 0.7875 0.68125 0.0796875 0.065625
0 0.1046875 0.41171875 0.128125 0.203125
0 0.40703125 0.53984375 0.0421875 0.078125
0 0.57265625 0.5234375 0.0640625 0.071875
0 0.546875 0.56328125 0.090625 0.08203125