0 0.51171875 0.6859375 0.0484375 0.04140625
0 0.55546875 0.6578125 0.0578125 0.040625
0 0.28359375 0.68046875 0.0359375 0.05703125
0 0.1796875 0.559375 0.0375 0.05
0 0.2578125 0.409375 0.0421875 0.1015625
0 0.275 0.271875 0.0359375 0.03828125
0 0.06640625 0.1375 0.0421875 0.028125
0 0.35703125 0.2703125 0.05078125 0.04296875
0 0.4578125 0.271875 0.05 0.0265625
0 0.47421875 0.20625 0.07578125 0.05703125
0 0.5078125 0.09375 0.0453125 0.046875
0 0.69453125 0.246875 0.0546875 0.06171875
0 0.67421875 0.328125 0.03984375 0.053125
0 0.60078125 0.78515625 0.05390625 0.03359375
0 0.7703125 0.71171875 0.07890625 0.0453125
0 0.7828125 0.68046875 0.08125 0.06171875
0 0.8078125 0.57734375 0.046875 0.046875
0 0.7671875 0.50078125 0.02265625 0.03671875
0 0.8328125 0.42109375 0.05234375 0.06796875
0 0.82109375 0.20078125 0.0296875 0.03984375
0 0.8921875 0.06328125 0.0265625 0.03515625
0 0.39375 0.6015625 0.0390625 0.071875
0 0.3890625 0.6359375 0.040625 0.0609375
0 0.5765625 0.825 0.1421875 0.115625
0 0.7984375 0.790625 0.128125 0.103125
0 0.92890625 0.9703125 0.1296875 0.05
0 0.19921875 0.27734375 0.11875 0.11328125
0 0.25234375 0.15625 0.096875 0.11796875
0 0.328125 0.071875 0.096875 0.10625
0 0.36875 0.053125 0.0984375 0.090625
0 0.2796875 0.7796875 0.1203125 0.11171875
0 0.09765625 0.41875 0.1015625 0.18359375
0 0.5703125 0.51953125 0.0640625 0.06484375
0 0.409375 0.53828125 0.04765625 0.08203125