0 0.396875 0.6125 0.0328125 0.07265625
0 0.46015625 0.2765625 0.0375 0.03125
0 0.3453125 0.2953125 0.04375 0.0546875
0 0.2578125 0.42265625 0.0296875 0.10625
0 0.1875 0.5703125 0.0484375 0.06328125
0 0.2875 0.6875 0.04453125 0.06171875
0 0.553125 0.6546875 0.0609375 0.04453125
0 0.51875 0.690625 0.0390625 0.034375
0 0.57109375 0.52109375 0.0859375 0.071875
0 0.5515625 0.5609375 0.1 0.078125
0 0.7875 0.6734375 0.0875 0.0765625
0 0.803125 0.5671875 0.05390625 0.040625
0 0.7671875 0.50234375 0.03046875 0.04140625
0 0.75390625 0.309375 0.0421875 0.06953125
0 0.8890625 0.053125 0.034375 0.040625
0 0.81484375 0.1875 0.03125 0.06328125
0 0.815625 0.19375 0.03125 0.03671875
0 0.4765625 0.2 0.06796875 0.05703125
0 0.4484375 0.10546875 0.0328125 0.02265625
0 0.0609375 0.15078125 0.0375 0.02734375
0 0.5046875 0.0984375 0.0578125 0.03984375
0 0.60625 0.784375 0.05 0.03515625
0 0.740625 0.57421875 0.015625 0.078125
0 0.75625 0.5765625 0.01484375 0.078125
0 0.67890625 0.32265625 0.0265625 0.03828125
0 0.5828125 0.83125 0.1453125 0.121875
0 0.28203125 0.79453125 0.11796875 0.10859375
0 0.0484375 0.5390625 0.096875 0.215625
0 0.0703125 0.46796875 0.1140625 0.18984375
0 0.10859375 0.42421875 0.1234375 0.209375
0 0.15 0.36484375 0.14921875 0.18359375
0 0.2046875 0.296875 0.109375 0.1234375
0 0.25234375 0.17734375 0.0984375 0.1265625
0 0.32734375 0.07890625 0.1046875 0.1
0 0.371875 0.05703125 0.08203125 0.09765625
0 0.8 0.79375 0.13671875 0.128125
0 0.93046875 0.959375 0.1265625 0.065625
0 0.41328125 0.4734375 0.05390625 0.125