0 0.65 0.6125 0.03828125 0.08515625
0 0.57578125 0.21953125 0.04453125 0.03671875
0 0.709375 0.2421875 0.0515625 0.0640625
0 0.81328125 0.390625 0.03515625 0.12421875
0 0.8953125 0.5640625 0.05703125 0.07421875
0 0.77734375 0.7015625 0.05234375 0.07265625
0 0.46640625 0.6625 0.07109375 0.05234375
0 0.50703125 0.7046875 0.04609375 0.040625
0 0.4453125 0.50546875 0.1 0.08359375
0 0.46875 0.55234375 0.11640625 0.09140625
0 0.19296875 0.684375 0.10234375 0.0890625
0 0.17421875 0.56015625 0.06328125 0.046875
0 0.215625 0.484375 0.0359375 0.0484375
0 0.23125 0.25859375 0.04921875 0.08125
0 0.16015625 0.115625 0.03671875 0.07421875
0 0.15859375 0.12265625 0.03671875 0.04296875
0 0.55625 0.13046875 0.0796875 0.06640625
0 0.5890625 0.01953125 0.03828125 0.0265625
0 0.5234375 0.0171875 0.06796875 0.034375
0 0.4046875 0.8140625 0.05859375 0.04140625
0 0.246875 0.56796875 0.01875 0.09140625
0 0.22890625 0.57109375 0.0171875 0.0921875
0 0.31953125 0.27421875 0.03125 0.04453125
0 0.43203125 0.86875 0.16953125 0.1421875
0 0.784375 0.82578125 0.13828125 0.1265625
0 0.9828125 0.44375 0.034375 0.221875
0 0.9578125 0.39296875 0.084375 0.2453125
0 0.92578125 0.32265625 0.1484375 0.21484375
0 0.87421875 0.24375 0.128125 0.14453125
0 0.81875 0.10390625 0.115625 0.14765625
0 0.73125 0.0234375 0.121875 0.04609375
0 0.178125 0.825 0.16015625 0.15078125
0 0.63046875 0.45078125 0.06328125 0.14609375