0 0.415625 0.478125 0.06171875 0.1203125
0 0.2984375 0.8015625 0.09296875 0.1109375
0 0.5890625 0.8234375 0.153125 0.109375
0 0.81484375 0.7625 0.14609375 0.09765625
0 0.940625 0.95 0.10703125 0.071875
0 0.1453125 0.38046875 0.1515625 0.178125
0 0.103125 0.446875 0.14609375 0.203125
0 0.0625 0.496875 0.125 0.171875
0 0.04921875 0.56640625 0.0984375 0.184375
0 0.2515625 0.184375 0.08984375 0.1265625
0 0.20390625 0.3015625 0.115625 0.13359375
0 0.3234375 0.0828125 0.08671875 0.11328125
0 0.3640625 0.06171875 0.0984375 0.11484375
0 0.45703125 0.278125 0.028125 0.021875
0 0.34609375 0.30859375 0.03984375 0.053125
0 0.05546875 0.1671875 0.040625 0.0203125
0 0.2875 0.70234375 0.046875 0.0546875
0 0.1796875 0.58125 0.03984375 0.0484375
0 0.525 0.6875 0.0515625 0.034375
0 0.553125 0.6546875 0.05078125 0.0484375
0 0.596875 0.70546875 0.08359375 0.05
0 0.61328125 0.771875 0.04765625 0.03984375
0 0.7828125 0.65859375 0.0921875 0.05859375
0 0.8171875 0.55390625 0.05859375 0.0546875
0 0.76953125 0.48125 0.025 0.04140625
0 0.72578125 0.3578125 0.05546875 0.0734375
0 0.6796875 0.3203125 0.0234375 0.046875
0 0.68984375 0.234375 0.05234375 0.06328125
0 0.471875 0.20234375 0.0625 0.05625
0 0.44375 0.1 0.034375 0.02265625
0 0.83125 0.39765625 0.046875 0.065625
0 0.8640625 0.20234375 0.04375 0.0203125