0 0.4796875 0.6875 0.05390625 0.0265625
0 0.5234375 0.65625 0.046875 0.053125
0 0.5640625 0.79609375 0.0515625 0.03828125
0 0.5734375 0.775 0.05 0.040625
0 0.3703125 0.58125 0.0359375 0.0796875
0 0.35703125 0.6125 0.0375 0.071875
0 0.4578125 0.3203125 0.0375 0.0703125
0 0.45390625 0.265625 0.03125 0.03125
0 0.4796875 0.19453125 0.071875 0.0703125
0 0.49375 0.1484375 0.059375 0.05859375
0 0.5171875 0.096875 0.0484375 0.05859375
0 0.4609375 0.09375 0.02578125 0.0265625
0 0.34453125 0.2703125 0.040625 0.053125
0 0.353125 0.24453125 0.0484375 0.05
0 0.2765625 0.2296875 0.028125 0.03203125
0 0.25703125 0.64375 0.0484375 0.0609375
0 0.74921875 0.72578125 0.0765625 0.08125
0 0.71875 0.6125 0.0125 0.09140625
0 0.7859375 0.62109375 0.04765625 0.04765625
0 0.7484375 0.53984375 0.03125 0.0453125
0 0.76171875 0.52109375 0.0375 0.04765625
0 0.8203125 0.47265625 0.0484375 0.078125
0 0.71484375 0.4 0.04765625 0.0765625
0 0.66796875 0.35625 0.03671875 0.0546875
0 0.69375 0.27265625 0.0546875 0.06640625
0 0.6734375 0.20390625 0.0328125 0.040625
0 0.3921875 0.5234375 0.04453125 0.0953125
0 0.55234375 0.52578125 0.078125 0.0953125
0 0.95625 0.73203125 0.0640625 0.08984375
0 0.82578125 0.2375 0.03125 0.065625
0 0.9046875 0.1171875 0.04375 0.05625
0 0.58515625 0.08125 0.05 0.04453125
0 0.16953125 0.4984375 0.04375 0.05703125
0 0.41953125 0.43125 0.03125 0.05703125
0 0.76015625 0.83828125 0.1328125 0.1328125
0 0.53046875 0.846875 0.15703125 0.13984375
0 0.2546875 0.7546875 0.134375 0.1546875
0 0.0453125 0.44453125 0.08984375 0.25
0 0.0640625 0.3953125 0.115625 0.19140625
0 0.1015625 0.35703125 0.121875 0.2015625
0 0.14375 0.30234375 0.1546875 0.19453125
0 0.2125 0.234375 0.1125 0.1265625
0 0.2640625 0.140625 0.103125 0.13828125
0 0.3453125 0.0640625 0.0859375 0.115625
0 0.390625 0.04765625 0.090625 0.08125
0 0.4046875 0.4484375 0.0625 0.115625
0 0.6734375 0.5046875 0.071875 0.08671875
0 0.5546875 0.72734375 0.0796875 0.0734375