0 0.45 0.43046875 0.0703125 0.13671875
0 0.315625 0.7984375 0.10625 0.1265625
0 0.646875 0.82421875 0.175 0.125
0 0.9046875 0.7546875 0.16640625 0.11171875
0 0.14140625 0.31796875 0.1734375 0.20390625
0 0.09296875 0.39375 0.16640625 0.23203125
0 0.059375 0.4515625 0.11875 0.19609375
0 0.04375 0.53046875 0.0875 0.2109375
0 0.26328125 0.0953125 0.10234375 0.14453125
0 0.2078125 0.228125 0.13203125 0.15234375
0 0.34453125 0.021875 0.09921875 0.04375
0 0.496875 0.2015625 0.03203125 0.02421875
0 0.3703125 0.23671875 0.0453125 0.06015625
0 0.0390625 0.075 0.04609375 0.02265625
0 0.30390625 0.68515625 0.053125 0.0625
0 0.18046875 0.546875 0.0453125 0.05546875
0 0.57421875 0.66875 0.059375 0.03984375
0 0.60625 0.63125 0.0578125 0.05546875
0 0.65546875 0.6890625 0.0953125 0.05703125
0 0.675 0.76484375 0.0546875 0.0453125
0 0.86796875 0.6359375 0.1046875 0.06640625
0 0.90703125 0.51640625 0.06640625 0.0625
0 0.853125 0.4328125 0.028125 0.04765625
0 0.803125 0.2921875 0.06328125 0.084375
0 0.75078125 0.24921875 0.02734375 0.053125
0 0.76171875 0.1515625 0.059375 0.071875
0 0.5140625 0.11484375 0.071875 0.0640625
0 0.48203125 0.00546875 0.0390625 0.0109375
0 0.9234375 0.33828125 0.053125 0.07421875
0 0.9609375 0.11484375 0.05 0.02265625