0 0.0484375 0.69609375 0.096875 0.234375
0 0.05859375 0.58984375 0.1171875 0.14140625
0 0.3390625 0.88515625 0.1296875 0.12578125
0 0.4234375 0.48046875 0.0734375 0.13125
0 0.665625 0.8015625 0.17578125 0.0875
0 0.88046875 0.6703125 0.1328125 0.096875
0 0.2671875 0.071875 0.13515625 0.10078125
0 0.3109375 0.0421875 0.12890625 0.08359375
0 0.1765625 0.3453125 0.125 0.11015625
0 0.20546875 0.209375 0.1171875 0.1265625
0 0.121875 0.4546875 0.16484375 0.2109375
0 0.0828125 0.521875 0.16484375 0.2015625