0 0.08515625 0.1 0.03671875 0.03359375
0 0.284375 0.24375 0.03125 0.0203125
0 0.3515625 0.2734375 0.0421875 0.03984375
0 0.36484375 0.253125 0.0453125 0.04140625
0 0.18125 0.51796875 0.034375 0.0515625
0 0.275 0.65 0.0296875 0.0609375
0 0.325 0.6015625 0.0359375 0.0453125
0 0.3890625 0.59375 0.0359375 0.075
0 0.378125 0.61953125 0.0375 0.0859375
0 0.365625 0.6375 0.0359375 0.040625
0 0.5078125 0.69375 0.05 0.03359375
0 0.5453125 0.6625 0.04765625 0.046875
0 0.54765625 0.5640625 0.08984375 0.09296875
0 0.571875 0.5265625 0.0625 0.084375
0 0.46796875 0.321875 0.040625 0.06484375
0 0.46875 0.26875 0.04140625 0.03203125
0 0.4890625 0.196875 0.06484375 0.053125
0 0.50234375 0.14921875 0.0625 0.05703125
0 0.521875 0.0953125 0.0484375 0.04765625
0 0.68125 0.19453125 0.0421875 0.03984375
0 0.68046875 0.34453125 0.0359375 0.053125
0 0.6828125 0.3671875 0.0265625 0.0234375
0 0.7625 0.34375 0.04375 0.07265625
0 0.74453125 0.36015625 0.05 0.06796875
0 0.73125 0.390625 0.046875 0.078125
0 0.83671875 0.45078125 0.0609375 0.078125
0 0.803125 0.36328125 0.01953125 0.04296875
0 0.81875 0.275 0.0375 0.06328125
0 0.7046875 0.26328125 0.05078125 0.05703125
0 0.590625 0.7890625 0.05078125 0.0546875
0 0.76484375 0.74296875 0.0703125 0.053125
0 0.7796875 0.70546875 0.078125 0.0734375
0 0.8078125 0.6125 0.04375 0.06796875
0 0.7421875 0.6046875 0.0328125 0.08671875
0 0.7578125 0.60078125 0.015625 0.08359375
0 0.77265625 0.53046875 0.0265625 0.040625
0 0.78046875 0.51171875 0.040625 0.03359375
0 0.8234375 0.54453125 0.0484375 0.03515625
0 0.809375 0.575 0.065625 0.04296875
0 0.88359375 0.1921875 0.03671875 0.025
0 0.9125 0.096875 0.04375 0.0453125
0 0.5875 0.08203125 0.04375 0.03515625
0 0.46875 0.09609375 0.0328125 0.0203125
0 0.43359375 0.4421875 0.034375 0.06640625
0 0.40859375 0.52421875 0.05078125 0.06796875
0 0.5625 0.84140625 0.146875 0.15
0 0.78359375 0.81875 0.1359375 0.109375
0 0.2734375 0.7625 0.096875 0.14296875
0 0.41484375 0.4609375 0.06875 0.128125
0 0.2671875 0.15703125 0.09765625 0.1359375
0 0.3453125 0.065625 0.0859375 0.11171875
0 0.38828125 0.05078125 0.0984375 0.1015625
0 0.21796875 0.25546875 0.10703125 0.11796875
0 0.165625 0.31875 0.1234375 0.1828125
0 0.11796875 0.38359375 0.10859375 0.203125