0 0.27890625 0.93046875 0.21875 0.0984375
0 0.3015625 0.8328125 0.1828125 0.0734375
0 0.31328125 0.73515625 0.1796875 0.0734375
0 0.31875 0.646875 0.1921875 0.065625
0 0.346875 0.534375 0.14921875 0.078125
0 0.334375 0.3796875 0.13203125 0.0703125
0 0.346875 0.2203125 0.1015625 0.04296875
0 0.36171875 0.15546875 0.12109375 0.0609375
0 0.58515625 0.4328125 0.0859375 0.06171875
0 0.6328125 0.8078125 0.1109375 0.134375
0 0.8421875 0.5078125 0.11875 0.109375
0 0.9546875 0.26953125 0.084375 0.10625
0 0.90546875 0.9109375 0.16796875 0.096875
0 0.4421875 0.7578125 0.0453125 0.03828125
0 0.57734375 0.71875 0.0515625 0.0234375
0 0.5921875 0.63828125 0.025 0.07265625
0 0.63203125 0.58515625 0.0578125 0.03125
0 0.1203125 0.59140625 0.05625 0.04765625
0 0.0625 0.39765625 0.0546875 0.09453125
0 0.4546875 0.12265625 0.0234375 0.04296875
0 0.4484375 0.37109375 0.046875 0.05859375
0 0.7640625 0.4234375 0.0375 0.05
0 0.759375 0.48828125 0.02890625 0.0609375
0 0.8390625 0.1296875 0.03046875 0.0265625
0 0.71484375 0.0796875 0.0359375 0.03125
0 0.5359375 0.240625 0.0375 0.03515625