0 0.27890625 0.9359375 0.2234375 0.10078125
0 0.3015625 0.83671875 0.18671875 0.075
0 0.3140625 0.73671875 0.18359375 0.075
0 0.31953125 0.64609375 0.196875 0.06640625
0 0.3484375 0.53125 0.15234375 0.08046875
0 0.33515625 0.3734375 0.13515625 0.071875
0 0.3484375 0.2109375 0.10390625 0.04375
0 0.36328125 0.14453125 0.1234375 0.0625
0 0.59140625 0.42734375 0.08828125 0.06328125
0 0.63984375 0.8109375 0.1125 0.1375
0 0.85390625 0.50390625 0.12109375 0.11171875
0 0.9625 0.26171875 0.07421875 0.10859375
0 0.91640625 0.915625 0.1671875 0.0984375
0 0.4453125 0.76015625 0.046875 0.0390625
0 0.58359375 0.71953125 0.053125 0.02421875
0 0.59921875 0.6375 0.025 0.07421875
0 0.6390625 0.58359375 0.059375 0.03203125
0 0.11640625 0.58984375 0.0578125 0.04921875
0 0.0578125 0.3921875 0.05625 0.09609375
0 0.45859375 0.11171875 0.02421875 0.04375
0 0.4515625 0.36484375 0.04765625 0.059375
0 0.77421875 0.41796875 0.0375 0.05078125
0 0.76875 0.484375 0.0296875 0.0625
0 0.85 0.11875 0.03125 0.0265625
0 0.72421875 0.0671875 0.03671875 0.03203125
0 0.54140625 0.23125 0.0390625 0.0359375