0 0.12734375 0.959375 0.2140625 0.08125
0 0.18203125 0.4859375 0.146875 0.11875
0 0.04375 0.2234375 0.08671875 0.11328125
0 0.71875 0.02578125 0.1390625 0.0515625
0 0.740625 0.09375 0.12109375 0.06171875
0 0.77578125 0.27578125 0.12734375 0.08125
0 0.76796875 0.4296875 0.1390625 0.09375
0 0.7890625 0.57109375 0.221875 0.0828125
0 0.80390625 0.6796875 0.2140625 0.11015625
0 0.82578125 0.784375 0.19375 0.09921875
0 0.84921875 0.90390625 0.253125 0.1390625
0 0.44296875 0.81328125 0.12421875 0.16328125
0 0.478125 0.3765625 0.1 0.08828125