0 0.80390625 0.8890625 0.22421875 0.13984375
0 0.77578125 0.7828125 0.1703125 0.1078125
0 0.7546875 0.69765625 0.16796875 0.1078125
0 0.73203125 0.6109375 0.1921875 0.11640625
0 0.70390625 0.49296875 0.13671875 0.0671875
0 0.69765625 0.35078125 0.11171875 0.0953125
0 0.4421875 0.87890625 0.11171875 0.11640625
0 0.18984375 0.6359375 0.12890625 0.09921875
0 0.04609375 0.421875 0.09140625 0.08828125
0 0.66171875 0.1953125 0.10859375 0.06640625
0 0.64140625 0.12734375 0.128125 0.07734375
0 0.446875 0.48203125 0.0875 0.075