0 0.87890625 0.9609375 0.1859375 0.071875
0 0.83125 0.54921875 0.1265625 0.103125
0 0.95625 0.32265625 0.084375 0.09765625
0 0.3671875 0.1453125 0.1203125 0.05703125
0 0.3484375 0.21015625 0.1046875 0.053125
0 0.3171875 0.36796875 0.1109375 0.0703125
0 0.325 0.50078125 0.1203125 0.08125
0 0.30625 0.6234375 0.1921875 0.071875
0 0.29296875 0.7171875 0.1859375 0.0953125
0 0.27421875 0.8078125 0.16796875 0.0859375
0 0.25390625 0.9109375 0.21875 0.1203125
0 0.60546875 0.8328125 0.1078125 0.140625
0 0.575 0.45546875 0.08671875 0.0765625