0 0.10625 0.72109375 0.175 0.21640625
0 0.14140625 0.64140625 0.14375 0.153125
0 0.17421875 0.57890625 0.1421875 0.17421875
0 0.43359375 0.87578125 0.153125 0.1046875
0 0.7109375 0.778125 0.18515625 0.08359375
0 0.90625 0.940625 0.1546875 0.0859375
0 0.91015625 0.64453125 0.1375 0.06953125
0 0.27578125 0.26640625 0.1171875 0.08203125
0 0.25546875 0.3921875 0.1203125 0.103125
0 0.353125 0.13359375 0.09609375 0.090625
0 0.3765625 0.08203125 0.13125 0.090625
0 0.4921875 0.50078125 0.0734375 0.109375
0 0.5046875 0.2875 0.034375 0.03203125
0 0.62734375 0.67734375 0.0390625 0.046875
0 0.66015625 0.61796875 0.0515625 0.04453125
0 0.70390625 0.6625 0.0828125 0.0453125
0 0.7234375 0.72734375 0.05078125 0.028125
0 0.3953125 0.76015625 0.04375 0.04296875
0 0.2734375 0.6796875 0.0421875 0.034375
0 0.0765625 0.30078125 0.0515625 0.02734375
0 0.08046875 0.10859375 0.0515625 0.04765625
0 0.51015625 0.21015625 0.065625 0.03984375
0 0.390625 0.35703125 0.0375 0.04140625
0 0.4 0.33046875 0.059375 0.028125
0 0.87421875 0.553125 0.0828125 0.04140625
0 0.8703125 0.5875 0.078125 0.03359375
0 0.88125 0.45078125 0.04375 0.028125
0 0.8734375 0.29453125 0.059375 0.04765625
0 0.721875 0.26640625 0.0296875 0.03671875
0 0.7265625 0.17734375 0.05546875 0.0609375
0 0.6890625 0.1265625 0.04140625 0.0234375