0 0.9015625 0.70625 0.196875 0.25
0 0.86328125 0.61484375 0.16640625 0.1765625
0 0.82578125 0.54296875 0.1640625 0.2015625
0 0.52578125 0.88671875 0.17734375 0.12109375
0 0.20546875 0.7734375 0.2140625 0.09609375
0 0.03515625 0.95546875 0.0703125 0.0890625
0 0.02734375 0.61875 0.0546875 0.08046875
0 0.7078125 0.18203125 0.13515625 0.09453125
0 0.73203125 0.32734375 0.13828125 0.11875
0 0.61953125 0.03984375 0.1109375 0.0796875
0 0.59296875 0.01015625 0.1515625 0.0203125
0 0.45859375 0.45234375 0.08515625 0.1265625
0 0.44375 0.20703125 0.03984375 0.03671875
0 0.30234375 0.65703125 0.04453125 0.05390625
0 0.2640625 0.58828125 0.06015625 0.0515625
0 0.2140625 0.63984375 0.09609375 0.05234375
0 0.190625 0.7140625 0.05859375 0.0328125
0 0.5703125 0.753125 0.05 0.05
0 0.7109375 0.659375 0.0484375 0.03984375
0 0.93828125 0.221875 0.059375 0.03125
0 0.93359375 0.01328125 0.059375 0.0265625
0 0.43671875 0.1171875 0.075 0.04609375
0 0.57578125 0.28671875 0.04375 0.0484375
0 0.56484375 0.25546875 0.06875 0.0328125
0 0.0328125 0.51328125 0.06484375 0.0484375
0 0.03359375 0.55234375 0.0671875 0.0390625
0 0.0171875 0.39453125 0.03359375 0.0328125
0 0.0265625 0.2140625 0.05234375 0.05546875
0 0.1921875 0.18203125 0.034375 0.0421875
0 0.1875 0.07890625 0.0640625 0.0703125
0 0.23046875 0.0203125 0.04765625 0.02734375