0 0.34765625 0.94609375 0.246875 0.103125
0 0.3625 0.86015625 0.18984375 0.1234375
0 0.365625 0.7515625 0.1953125 0.10859375
0 0.36640625 0.6578125 0.1984375 0.078125
0 0.34765625 0.4046875 0.12265625 0.06328125
0 0.36328125 0.54453125 0.1390625 0.109375
0 0.34921875 0.24765625 0.1375 0.071875
0 0.34765625 0.17734375 0.13359375 0.065625
0 0.684375 0.7578125 0.090625 0.14765625
0 0.93203125 0.796875 0.1296875 0.0984375
0 0.85703125 0.4234375 0.1078125 0.14296875
0 0.94375 0.1765625 0.084375 0.140625
0 0.6046875 0.40390625 0.0890625 0.05
0 0.66875 0.540625 0.046875 0.03671875
0 0.65859375 0.50859375 0.046875 0.03671875
0 0.62734375 0.59765625 0.0203125 0.06328125
0 0.49375 0.7546875 0.05 0.03515625
0 0.6234375 0.69375 0.03046875 0.0453125
0 0.146875 0.66171875 0.0375 0.08125
0 0.06875 0.48984375 0.0421875 0.11484375
0 0.4671875 0.36640625 0.0453125 0.03984375
0 0.44453125 0.12578125 0.02734375 0.0484375
0 0.5421875 0.23046875 0.0296875 0.05
0 0.8203125 0.05078125 0.0234375 0.025
0 0.77421875 0.34765625 0.0375 0.05703125
0 0.77578125 0.4265625 0.028125 0.06484375
0 0.5171875 0.16640625 0.0640625 0.07265625