0 0.34140625 0.9546875 0.2203125 0.090625
0 0.34609375 0.85546875 0.22734375 0.12578125
0 0.346875 0.746875 0.23046875 0.09140625
0 0.325 0.4515625 0.14296875 0.0734375
0 0.34375 0.61484375 0.1625 0.12734375
0 0.3265625 0.26953125 0.16015625 0.0828125
0 0.325 0.1875 0.15546875 0.07578125
0 0.71640625 0.86328125 0.1046875 0.171875
0 0.9640625 0.9078125 0.07109375 0.11484375
0 0.9171875 0.4734375 0.12578125 0.16640625
0 0.984375 0.1859375 0.03125 0.1640625
0 0.62421875 0.4515625 0.103125 0.0578125
0 0.69765625 0.61015625 0.05390625 0.04296875
0 0.68671875 0.57265625 0.05390625 0.04296875
0 0.65 0.6765625 0.0234375 0.0734375
0 0.4953125 0.859375 0.0578125 0.04140625
0 0.64609375 0.78828125 0.03515625 0.05234375
0 0.0921875 0.75078125 0.04375 0.09453125
0 0.0125 0.5515625 0.025 0.13359375
0 0.46484375 0.4078125 0.053125 0.04609375
0 0.4375 0.12734375 0.03203125 0.05625
0 0.5515625 0.24921875 0.03515625 0.0578125
0 0.875 0.040625 0.0265625 0.02890625
0 0.82109375 0.3859375 0.04296875 0.06640625
0 0.82265625 0.478125 0.0328125 0.075
0 0.521875 0.175 0.07421875 0.08515625