0 0.58203125 0.4234375 0.05859375 0.08671875
0 0.4890625 0.32734375 0.03671875 0.05625
0 0.334375 0.34140625 0.04296875 0.05078125
0 0.80625 0.36484375 0.0265625 0.0671875
0 0.7796875 0.2875 0.04375 0.065625
0 0.70234375 0.2328125 0.028125 0.03828125
0 0.440625 0.2421875 0.05703125 0.03515625
0 0.49921875 0.18984375 0.0328125 0.02734375
0 0.71640625 0.178125 0.02421875 0.02265625
0 0.83125 0.20078125 0.0296875 0.03359375
0 0.6953125 0.1390625 0.03203125 0.03359375
0 0.60078125 0.125 0.02578125 0.02734375
0 0.396875 0.14921875 0.04296875 0.03984375
0 0.45546875 0.0921875 0.02890625 0.03515625
0 0.50078125 0.06875 0.0234375 0.021875
0 0.59609375 0.08828125 0.03828125 0.0265625
0 0.6515625 0.0765625 0.01796875 0.02890625
0 0.76875 0.0828125 0.01953125 0.02421875
0 0.71484375 0.09921875 0.01953125 0.0375
0 0.7859375 0.128125 0.02265625 0.034375
0 0.721875 0.02265625 0.01953125 0.0390625
0 0.665625 0.0390625 0.021875 0.0328125
0 0.590625 0.03203125 0.02890625 0.02734375
0 0.38828125 0.06171875 0.01796875 0.02265625
0 0.471875 0.0390625 0.01875 0.02109375
0 0.50234375 0.0125 0.0234375 0.0140625
0 0.40625 0.0140625 0.0296875 0.0171875