0 0.89375 0.69296875 0.07421875 0.02890625
0 0.6375 0.71484375 0.05703125 0.06640625
0 0.70078125 0.87265625 0.046875 0.078125
0 0.6234375 0.85390625 0.03828125 0.06953125
0 0.559375 0.62734375 0.03203125 0.04609375
0 0.48828125 0.596875 0.01953125 0.03828125
0 0.45703125 0.64765625 0.04296875 0.04375
0 0.3578125 0.69609375 0.0375 0.04765625
0 0.30859375 0.653125 0.02890625 0.046875
0 0.06484375 0.94140625 0.071875 0.08671875
0 0.465625 0.546875 0.01796875 0.02734375
0 0.22578125 0.47734375 0.040625 0.02890625
0 0.19609375 0.52265625 0.0375 0.03046875
0 0.134375 0.52890625 0.03046875 0.03515625
0 0.0234375 0.5046875 0.03828125 0.02578125
0 0.2484375 0.51484375 0.02421875 0.02109375
0 0.1703125 0.459375 0.02734375 0.015625
0 0.11875 0.46953125 0.02265625 0.021875