0 0.15859375 0.36328125 0.04296875 0.1328125
0 0.2 0.48515625 0.053125 0.13671875
0 0.23125 0.440625 0.0359375 0.134375
0 0.26640625 0.39375 0.053125 0.1015625
0 0.365625 0.37421875 0.04609375 0.08515625
0 0.35625 0.51640625 0.05546875 0.1421875
0 0.3875 0.49765625 0.05546875 0.128125
0 0.4625 0.371875 0.0359375 0.09453125
0 0.49453125 0.421875 0.0453125 0.11171875
0 0.56328125 0.340625 0.03203125 0.07421875
0 0.63984375 0.325 0.034375 0.09453125
0 0.74375 0.334375 0.04140625 0.084375
0 0.8046875 0.37265625 0.0328125 0.09609375
0 0.853125 0.30234375 0.02578125 0.06640625
0 0.62265625 0.4734375 0.06875 0.1453125
0 0.8328125 0.44609375 0.06171875 0.15