0 0.58671875 0.45078125 0.0640625 0.0953125
0 0.484375 0.34453125 0.040625 0.06171875
0 0.3140625 0.36015625 0.046875 0.05546875
0 0.8328125 0.3859375 0.02890625 0.0734375
0 0.803125 0.30078125 0.04765625 0.07265625
0 0.71796875 0.240625 0.03125 0.0421875
0 0.43125 0.25078125 0.0625 0.0390625
0 0.4953125 0.19375 0.0359375 0.03046875
0 0.73359375 0.18125 0.0265625 0.025
0 0.859375 0.20546875 0.0328125 0.0375
0 0.71015625 0.1375 0.03515625 0.03671875
0 0.60703125 0.12265625 0.028125 0.03046875
0 0.38359375 0.14921875 0.04765625 0.04375
0 0.44765625 0.08671875 0.03203125 0.0390625
0 0.496875 0.0609375 0.02578125 0.02421875
0 0.60234375 0.08203125 0.0421875 0.02890625
0 0.66328125 0.06953125 0.01953125 0.03203125
0 0.79140625 0.0765625 0.021875 0.0265625
0 0.73203125 0.09375 0.021875 0.04140625
0 0.81015625 0.12578125 0.025 0.0375
0 0.73984375 0.015625 0.021875 0.03125
0 0.67890625 0.028125 0.02421875 0.0359375
0 0.59609375 0.02109375 0.03125 0.0296875
0 0.37421875 0.053125 0.01953125 0.025
0 0.465625 0.028125 0.02109375 0.0234375
0 0.49921875 0.003125 0.02578125 0.00625
0 0.39296875 0.0046875 0.0328125 0.009375