0 0.18984375 0.29296875 0.08046875 0.08359375
0 0.1140625 0.4796875 0.06328125 0.0609375
0 0.37578125 0.478125 0.07421875 0.0640625
0 0.08671875 0.65234375 0.05390625 0.05
0 0.2578125 0.659375 0.07421875 0.05625
0 0.5765625 0.42421875 0.0578125 0.08515625
0 0.83046875 0.39453125 0.05546875 0.053125
0 0.75546875 0.22109375 0.0484375 0.03828125
0 0.43671875 0.6109375 0.05234375 0.0484375
0 0.0484375 0.790625 0.05078125 0.05390625
0 0.1875 0.7859375 0.07109375 0.053125
0 0.41484375 0.75 0.0609375 0.0453125
0 0.64921875 0.75 0.06953125 0.05703125
0 0.7625 0.72734375 0.05390625 0.03984375
0 0.84375 0.6375 0.034375 0.040625
0 0.8765625 0.51953125 0.0359375 0.053125
0 0.978125 0.734375 0.04375 0.06015625
0 0.85625 0.83046875 0.07421875 0.04609375
0 0.378125 0.86171875 0.03984375 0.04921875
0 0.35 0.32890625 0.075 0.0484375
0 0.42421875 0.27578125 0.0328125 0.0484375
0 0.3734375 0.196875 0.0609375 0.07109375
0 0.64296875 0.19921875 0.0484375 0.0453125
0 0.5109375 0.0796875 0.07265625 0.053125
0 0.07421875 0.0953125 0.03984375 0.04765625
0 0.125 0.88359375 0.05 0.0484375
0 0.03515625 0.9890625 0.040625 0.021875
0 0.30859375 0.96953125 0.040625 0.0609375
0 0.584375 0.88515625 0.07109375 0.06640625
0 0.85390625 0.9796875 0.0703125 0.040625
0 0.9890625 0.9125 0.021875 0.04375