0 0.04140625 0.415625 0.0578125 0.021875
0 0.15859375 0.3875 0.06328125 0.0203125
0 0.2484375 0.33828125 0.059375 0.0328125
0 0.39375 0.31953125 0.04296875 0.0390625
0 0.54140625 0.28125 0.0671875 0.03203125
0 0.6421875 0.271875 0.06171875 0.0296875
0 0.71171875 0.28046875 0.0359375 0.0203125
0 0.77734375 0.26328125 0.0484375 0.02265625
0 0.8859375 0.2625 0.046875 0.02421875
0 0.97421875 0.31328125 0.04453125 0.01640625
0 0.97421875 0.2515625 0.04609375 0.021875
0 0.65078125 0.20078125 0.05625 0.04921875
0 0.096875 0.2609375 0.04453125 0.0296875
0 0.15390625 0.2890625 0.0328125 0.02421875
0 0.1328125 0.19609375 0.04375 0.0203125
0 0.28203125 0.14609375 0.0390625 0.025
0 0.4296875 0.10625 0.0625 0.0515625
0 0.63046875 0.128125 0.0578125 0.028125
0 0.79921875 0.08828125 0.04921875 0.02109375
0 0.88984375 0.08515625 0.02890625 0.01640625
0 0.8921875 0.1390625 0.03515625 0.01171875
0 0.83359375 0.16171875 0.0375 0.01796875
0 0.890625 0.20078125 0.040625 0.01875
0 0.95390625 0.10234375 0.02734375 0.021875
0 0.703125 0.071875 0.03828125 0.01953125
0 0.5875 0.05859375 0.03359375 0.01328125
0 0.28984375 0.08125 0.05390625 0.0265625
0 0.16328125 0.06953125 0.0515625 0.03515625
0 0.14375 0.134375 0.053125 0.04453125
0 0.05234375 0.0875 0.03828125 0.0328125
0 0.05 0.1640625 0.03828125 0.0375
0 0.26953125 0.20703125 0.0484375 0.02890625
0 0.38984375 0.20078125 0.040625 0.034375
0 0.51328125 0.21953125 0.03671875 0.0234375
0 0.43671875 0.0484375 0.05078125 0.02109375