0 0.15 0.3546875 0.046875 0.14609375
0 0.19609375 0.4890625 0.05859375 0.15
0 0.2296875 0.43984375 0.0390625 0.14765625
0 0.26875 0.38828125 0.0578125 0.11171875
0 0.37734375 0.3671875 0.05078125 0.09375
0 0.3671875 0.52265625 0.0609375 0.15625
0 0.4015625 0.50234375 0.0609375 0.140625
0 0.48359375 0.3640625 0.03984375 0.10390625
0 0.51875 0.41953125 0.05 0.12265625
0 0.59453125 0.33046875 0.03515625 0.08203125
0 0.678125 0.31328125 0.0375 0.10390625
0 0.79296875 0.32265625 0.0453125 0.0921875
0 0.85859375 0.36484375 0.0359375 0.10546875
0 0.9125 0.2875 0.028125 0.07265625
0 0.659375 0.4765625 0.075 0.16015625
0 0.88984375 0.4453125 0.06796875 0.16484375