0 0.35234375 0.04921875 0.1453125 0.08984375
0 0.72890625 0.2140625 0.1703125 0.165625
0 0.95078125 0.18046875 0.0984375 0.12734375
0 0.65703125 0.6015625 0.16171875 0.14609375
0 0.8421875 0.60859375 0.18671875 0.153125
0 0.6125 0.775 0.13125 0.08203125
0 0.04765625 0.9125 0.0953125 0.090625
0 0.25390625 0.9515625 0.0875 0.09609375
0 0.57421875 0.86640625 0.10625 0.075
0 0.58515625 0.9671875 0.11796875 0.065625
0 0.94296875 0.86328125 0.05234375 0.1265625
0 0.01796875 0.08046875 0.0359375 0.13046875