0 0.18359375 0.28203125 0.0703125 0.0734375
0 0.1171875 0.44609375 0.05546875 0.05390625
0 0.346875 0.44453125 0.06484375 0.05625
0 0.09296875 0.596875 0.046875 0.04375
0 0.24375 0.603125 0.06484375 0.04921875
0 0.52265625 0.396875 0.05078125 0.075
0 0.7453125 0.37109375 0.0484375 0.04609375
0 0.6796875 0.21875 0.0421875 0.03359375
0 0.4 0.5609375 0.04609375 0.0421875
0 0.059375 0.71796875 0.04453125 0.04765625
0 0.18203125 0.7140625 0.06171875 0.046875
0 0.38125 0.68203125 0.053125 0.03984375
0 0.58671875 0.6828125 0.0609375 0.05
0 0.68515625 0.6625 0.046875 0.034375
0 0.75703125 0.58359375 0.03046875 0.03515625
0 0.7859375 0.48046875 0.03203125 0.046875
0 0.94453125 0.553125 0.04921875 0.03828125
0 0.8796875 0.66953125 0.04765625 0.053125
0 0.76796875 0.753125 0.065625 0.040625
0 0.3484375 0.78046875 0.03515625 0.04296875
0 0.9625 0.72578125 0.03046875 0.025
0 0.32421875 0.31328125 0.06640625 0.04296875
0 0.3890625 0.26640625 0.02890625 0.04296875
0 0.34453125 0.19765625 0.053125 0.0625
0 0.58046875 0.19921875 0.04296875 0.03984375
0 0.465625 0.09453125 0.06328125 0.04609375
0 0.08203125 0.10859375 0.034375 0.0421875
0 0.1265625 0.79921875 0.04375 0.04296875
0 0.04765625 0.90859375 0.03515625 0.0515625
0 0.2875 0.87578125 0.0359375 0.05390625
0 0.52890625 0.80078125 0.06171875 0.0578125
0 0.4203125 0.92421875 0.0296875 0.05
0 0.10703125 0.95546875 0.025 0.040625
0 0.56640625 0.9796875 0.03984375 0.03984375
0 0.76640625 0.8921875 0.06171875 0.05078125
0 0.89609375 0.82578125 0.03984375 0.03828125
0 0.87109375 0.91640625 0.034375 0.04296875