0 0.01875 0.42578125 0.0375 0.0234375
0 0.1296875 0.39765625 0.065625 0.02109375
0 0.2234375 0.346875 0.06171875 0.034375
0 0.37421875 0.3265625 0.04453125 0.040625
0 0.52734375 0.28828125 0.0703125 0.0328125
0 0.63203125 0.27734375 0.06328125 0.03046875
0 0.70390625 0.28671875 0.0375 0.02109375
0 0.77109375 0.26875 0.05078125 0.0234375
0 0.884375 0.26796875 0.04921875 0.025
0 0.9765625 0.32109375 0.04609375 0.01640625
0 0.97578125 0.25625 0.04765625 0.02265625
0 0.640625 0.20390625 0.05859375 0.05078125
0 0.065625 0.26640625 0.04609375 0.03046875
0 0.125 0.29609375 0.034375 0.025
0 0.103125 0.19921875 0.0453125 0.02109375
0 0.25859375 0.146875 0.040625 0.02578125
0 0.41171875 0.10546875 0.0640625 0.05390625
0 0.61953125 0.12890625 0.059375 0.02890625
0 0.79453125 0.0875 0.05078125 0.021875
0 0.88828125 0.084375 0.0296875 0.0171875
0 0.890625 0.13984375 0.03671875 0.01171875
0 0.8296875 0.16328125 0.03828125 0.01875
0 0.8890625 0.2046875 0.04140625 0.01953125
0 0.95546875 0.10234375 0.028125 0.02265625
0 0.69453125 0.07109375 0.03984375 0.0203125
0 0.575 0.05625 0.034375 0.0140625
0 0.265625 0.08046875 0.05546875 0.02734375
0 0.134375 0.06796875 0.053125 0.0359375
0 0.11484375 0.13515625 0.05546875 0.04609375
0 0.01953125 0.08671875 0.0390625 0.03359375
0 0.01875 0.165625 0.03671875 0.0390625
0 0.2453125 0.21015625 0.05 0.0296875
0 0.3703125 0.2046875 0.0421875 0.03515625
0 0.4984375 0.22421875 0.03828125 0.02421875
0 0.41875 0.04609375 0.05234375 0.021875