0 0.12421875 0.65078125 0.06953125 0.02734375
0 0.3625 0.671875 0.053125 0.06171875
0 0.30390625 0.81875 0.04375 0.07265625
0 0.37578125 0.8015625 0.03515625 0.06484375
0 0.4359375 0.58984375 0.0296875 0.04296875
0 0.50234375 0.56171875 0.01875 0.0359375
0 0.53125 0.60859375 0.03984375 0.040625
0 0.6234375 0.65390625 0.034375 0.04453125
0 0.66953125 0.6140625 0.0265625 0.04375
0 0.896875 0.8828125 0.0671875 0.08125
0 0.52265625 0.515625 0.0171875 0.025
0 0.746875 0.45 0.0375 0.0265625
0 0.77421875 0.4921875 0.03515625 0.028125
0 0.83203125 0.49765625 0.028125 0.0328125
0 0.9359375 0.47578125 0.0359375 0.02421875
0 0.72578125 0.48515625 0.021875 0.0203125
0 0.7984375 0.4328125 0.02578125 0.01484375
0 0.84609375 0.44296875 0.02109375 0.0203125