0 0.5828125 0.35234375 0.06484375 0.15390625
0 0.74296875 0.3890625 0.0484375 0.0625
0 0.65859375 0.38671875 0.03125 0.06484375
0 0.53828125 0.3921875 0.02890625 0.0625
0 0.2703125 0.36171875 0.040625 0.12734375
0 0.02421875 0.3890625 0.0265625 0.071875
0 0.3640625 0.38125 0.0265625 0.07421875
0 0.4078125 0.39296875 0.02421875 0.06484375
0 0.45078125 0.38671875 0.02421875 0.0625
0 0.47578125 0.39296875 0.0265625 0.06015625
0 0.50703125 0.390625 0.02890625 0.071875
0 0.3375 0.3921875 0.021875 0.06015625
0 0.3140625 0.38359375 0.02890625 0.0796875