0 0.378125 0.3890625 0.071875 0.17109375
0 0.20078125 0.43046875 0.053125 0.06953125
0 0.29375 0.428125 0.034375 0.071875
0 0.428125 0.4328125 0.03203125 0.06953125
0 0.72578125 0.4 0.0453125 0.14140625
0 0.99296875 0.43046875 0.01328125 0.08046875
0 0.621875 0.42109375 0.0296875 0.0828125
0 0.5734375 0.434375 0.0265625 0.071875
0 0.52578125 0.428125 0.0265625 0.06953125
0 0.49765625 0.434375 0.0296875 0.0671875
0 0.4625 0.43203125 0.03203125 0.08046875
0 0.65078125 0.4328125 0.02421875 0.0671875
0 0.678125 0.4234375 0.03203125 0.08828125